['# Here I go again\n', '# Glad I go again\n', 't Gt G1t \n']
[0, 1]
[[  0.00000000e+00   1.10389000e+10]
 [  5.00000000e-06   9.77545000e+09]
 [  1.00000000e-05   6.53526000e+09]
 [  1.50000000e-05   2.64976000e+09]
 [  2.00000000e-05  -4.69672000e+08]
 [  2.50000000e-05  -1.92589000e+09]
 [  3.00000000e-05  -1.56821000e+09]
 [  3.50000000e-05   7.17074000e+07]
 [  4.00000000e-05   2.01957000e+09]
 [  4.50000000e-05   3.24468000e+09]
 [  5.00000000e-05   3.11360000e+09]
 [  5.50000000e-05   1.68111000e+09]
 [  6.00000000e-05  -3.83972000e+08]
 [  6.50000000e-05  -2.18331000e+09]
 [  7.00000000e-05  -3.01844000e+09]
 [  7.50000000e-05  -2.64168000e+09]
 [  8.00000000e-05  -1.18855000e+09]
 [  9.00000000e-05   1.68696000e+09]
 [  1.00000000e-04   1.87972000e+09]
 [  1.10000000e-04  -4.37961000e+08]
 [  1.20000000e-04  -1.82966000e+09]
 [  1.30000000e-04  -6.87096000e+08]
 [  1.40000000e-04   1.18945000e+09]
 [  1.50000000e-04   1.54696000e+09]
 [  1.60000000e-04   4.28830000e+08]
 [  1.80000000e-04  -3.20321000e+08]
 [  2.00000000e-04   5.21166000e+08]
 [  2.20000000e-04  -2.90906000e+08]
 [  2.40000000e-04   4.61947000e+08]
 [  2.60000000e-04   1.12696000e+08]
 [  2.80000000e-04  -1.57460000e+08]
 [  3.00000000e-04   6.34406000e+08]
 [  3.20000000e-04   1.00718000e+08]
 [  3.60000000e-04   1.12792000e+08]
 [  4.00000000e-04   1.14588000e+08]
 [  4.40000000e-04   1.02841000e+08]
 [  4.80000000e-04   7.13229000e+07]
 [  5.20000000e-04   7.09148000e+07]
 [  5.60000000e-04   7.83608000e+07]
 [  6.00000000e-04   9.07516000e+07]
 [  6.40000000e-04   8.28521000e+07]
 [  7.20000000e-04   5.30071000e+07]
 [  8.00000000e-04   6.66932000e+07]
 [  8.80000000e-04   6.84665000e+07]
 [  9.60000000e-04   4.41780000e+07]
 [  1.04000000e-03   5.56064000e+07]
 [  1.12000000e-03   4.81182000e+07]
 [  1.20000000e-03   4.31725000e+07]
 [  1.28000000e-03   4.39012000e+07]
 [  1.44000000e-03   3.79894000e+07]
 [  1.60000000e-03   3.50082000e+07]
 [  1.76000000e-03   3.17288000e+07]
 [  1.92000000e-03   3.06043000e+07]
 [  2.08000000e-03   2.82586000e+07]
 [  2.24000000e-03   2.50418000e+07]
 [  2.40000000e-03   2.62034000e+07]
 [  2.56000000e-03   2.37699000e+07]
 [  2.88000000e-03   2.03975000e+07]
 [  3.20000000e-03   1.90989000e+07]
 [  3.52000000e-03   1.64805000e+07]
 [  3.84000000e-03   1.52887000e+07]
 [  4.16000000e-03   1.41636000e+07]
 [  4.48000000e-03   1.41306000e+07]
 [  4.80000000e-03   1.34463000e+07]
 [  5.12000000e-03   1.23871000e+07]
 [  5.76000000e-03   1.19785000e+07]
 [  6.40000000e-03   1.01068000e+07]
 [  7.04000000e-03   1.01487000e+07]
 [  7.68000000e-03   9.23617000e+06]
 [  8.32000000e-03   8.55907000e+06]
 [  8.96000000e-03   7.12832000e+06]
 [  9.60000000e-03   7.30861000e+06]
 [  1.02400000e-02   7.70404000e+06]
 [  1.15200000e-02   6.42205000e+06]
 [  1.28000000e-02   5.38052000e+06]
 [  1.40800000e-02   5.35423000e+06]
 [  1.53600000e-02   5.33934000e+06]
 [  1.66400000e-02   4.76894000e+06]
 [  1.79200000e-02   5.50658000e+06]
 [  1.92000000e-02   5.06675000e+06]
 [  2.04800000e-02   4.72702000e+06]
 [  2.30400000e-02   4.42029000e+06]
 [  2.56000000e-02   3.93096000e+06]
 [  2.81600000e-02   3.71697000e+06]
 [  3.07200000e-02   4.02182000e+06]
 [  3.32800000e-02   3.37702000e+06]
 [  3.58400000e-02   3.31373000e+06]
 [  3.84000000e-02   2.61098000e+06]
 [  4.09600000e-02   2.95312000e+06]
 [  4.60800000e-02   2.68194000e+06]
 [  5.12000000e-02   1.94320000e+06]
 [  5.63200000e-02   1.80415000e+06]
 [  6.14400000e-02   1.97863000e+06]
 [  6.65600000e-02   1.55443000e+06]
 [  7.16800000e-02   7.32981000e+05]
 [  7.68000000e-02   1.14689000e+06]
 [  8.19200000e-02   7.02283000e+05]
 [  9.21600000e-02   5.96668000e+05]
 [  1.02400000e-01   8.00036000e+05]
 [  1.12640000e-01   3.69546000e+05]
 [  1.22880000e-01   4.95069000e+05]
 [  1.33120000e-01   8.73442000e+05]
 [  1.43360000e-01   1.41301000e+05]
 [  1.53600000e-01   2.44122000e+05]
 [  1.63840000e-01   1.01184000e+05]
 [  1.84320000e-01   1.34557000e+05]
 [  2.04800000e-01  -5.67391000e+04]
 [  2.25280000e-01   4.86160000e+04]
 [  2.45760000e-01   5.38093000e+04]
 [  2.66240000e-01  -6.50042000e+04]
 [  2.86720000e-01  -2.02190000e+05]
 [  3.07200000e-01  -1.73258000e+05]
 [  3.27680000e-01  -9.53486000e+04]
 [  3.68640000e-01  -3.30135000e+05]
 [  4.09600000e-01   2.10126000e+05]
 [  4.50560000e-01   4.43016000e+05]
 [  4.91520000e-01   2.96640000e+05]
 [  5.32480000e-01   8.88521000e+04]
 [  5.73440000e-01  -7.03669000e+04]
 [  6.14400000e-01   2.82156000e+05]
 [  6.55360000e-01   1.21780000e+05]
 [  7.37280000e-01  -4.72168000e+04]
 [  8.19200000e-01  -1.79769000e+05]
 [  9.01120000e-01   1.43180000e+05]
 [  9.83040000e-01   1.61006000e+05]
 [  1.06496000e+00   4.50809000e+04]
 [  1.14688000e+00   1.08983000e+05]
 [  1.22880000e+00   1.11787000e+05]
 [  1.31072000e+00  -4.80786000e+04]
 [  1.47456000e+00  -1.56400000e+05]
 [  1.63840000e+00   8.16209000e+04]
 [  1.80224000e+00  -2.43392000e+05]
 [  1.96608000e+00   4.72725000e+03]
 [  2.12992000e+00   6.07373000e+04]
 [  2.29376000e+00  -1.65736000e+05]
 [  2.45760000e+00  -7.87704000e+04]
 [  2.62144000e+00  -4.47927000e+04]
 [  2.94912000e+00   3.50145000e+04]
 [  3.27680000e+00  -6.00942000e+04]
 [  3.60448000e+00   7.72316000e+04]
 [  3.93216000e+00  -1.28893000e+05]
 [  4.25984000e+00   1.05235000e+05]
 [  4.58752000e+00   2.08391000e+04]
 [  4.91520000e+00  -1.79497000e+05]
 [  5.24288000e+00  -9.21949000e+04]
 [  5.89824000e+00  -8.35484000e+04]
 [  6.55360000e+00   1.55711000e+04]
 [  7.20896000e+00  -4.77456000e+04]
 [  7.86432000e+00   6.10209000e+04]
 [  8.51968000e+00  -5.55739000e+04]
 [  9.17504000e+00  -3.25645000e+04]
 [  9.83040000e+00   8.69107000e+04]
 [  1.04858000e+01   1.06790000e+04]
 [  1.17965000e+01  -4.32597000e+03]
 [  1.31072000e+01  -2.59191000e+04]
 [  1.44179000e+01  -7.48563000e+03]
 [  1.57286000e+01   4.48364000e+03]
 [  1.70394000e+01   5.87476000e+04]
 [  1.83501000e+01   9.69068000e+04]
 [  1.96608000e+01  -2.57311000e+03]
 [  2.09715000e+01  -6.39393000e+04]
 [  2.35930000e+01  -4.96127000e+04]
 [  2.62144000e+01   6.03348000e+04]
 [  2.88358000e+01  -2.05949000e+04]
 [  3.14573000e+01  -4.66458000e+04]
 [  3.40787000e+01   2.68698000e+04]
 [  3.67002000e+01   4.69252000e+04]
 [  3.93216000e+01  -6.04312000e+04]
 [  4.19430000e+01   1.81105000e+04]
 [  4.71859000e+01   3.39237000e+04]
 [  5.24288000e+01   3.48006000e+04]
 [  5.76717000e+01  -4.40575000e+04]
 [  6.29146000e+01   9.33650000e+03]
 [  6.81574000e+01  -3.89482000e+03]
 [  7.34003000e+01  -2.04434000e+04]
 [  7.86432000e+01  -3.53951000e+04]
 [  8.38861000e+01  -7.68722000e+04]]
